QGC WPL 110
0	0	0	16	0.000000	0.000000	0.000000	0.000000	-35.363262	149.165238	584.089966	1
1	0	3	22	0.000000	0.000000	0.000000	0.000000	-35.363259	149.165235	20.000000	1
2	0	3	16	0.000000	0.000000	0.000000	0.000000	-35.362722	149.165207	100.000000	1
3	0	3	16	0.000000	0.000000	0.000000	0.000000	-35.362471	149.164804	100.000000	1
4	0	3	16	0.000000	0.000000	0.000000	0.000000	-35.362559	149.164289	100.000000	1
5	0	3	16	0.000000	0.000000	0.000000	0.000000	-35.362819	149.164154	100.000000	1
6	0	3	16	0.000000	0.000000	0.000000	0.000000	-35.363402	149.164082	100.000000	1
7	0	3	16	0.000000	0.000000	0.000000	0.000000	-35.363977	149.165231	100.000000	1
8	0	3	16	0.000000	0.000000	0.000000	0.000000	-35.363977	149.165235	100.000000	1
9	0	3	16	0.000000	0.000000	0.000000	0.000000	-35.363867	149.166974	100.000000	1
10	0	3	16	0.000000	0.000000	0.000000	0.000000	-35.362699	149.166882	100.000000	1
11	0	3	16	0.000000	0.000000	0.000000	0.000000	-35.362530	149.165769	100.000000	1
12	0	3	21	0.000000	0.000000	0.000000	1.000000	-35.363259	149.165251	0.000000	1
